40 0 0 0 0 0 0 40 0 0 
1 0 40 0 40 0 0 1 1 0 
1 0 1 1 1 1 40 0 0 0 
0 1 0 0 0 40 3 3 3 40 
40 1 0 0 0 0 40 40 40 0 
0 0 1 0 3 3 3 40 1 0 
40 40 1 40 3 40 0 0 1 0 
0 40 1 40 3 40 1 2 2 40 
0 0 0 40 3 40 0 40 2 40 
0 0 0 0 40 0 40 0 0 0 
0 0 1 0 1 0 0 0 40 0 
0 1 1 0 1 0 1 0 0 0 
0 1 0 1 1 1 1 1 0 0 
1 1 1 0 1 0 1 0 0 0 
1 1 1 1 1 0 0 0 0 0 
0 1 0 0 1 0 1 0 0 0 
0 0 0 0 1 0 1 0 0 0 
0 0 0 0 0 0 1 0 0 0 
0 0 0 0 0 0 0 0 0 0 
0 0 0 0 0 0 0 0 0 0 
3 1 0 2 2 
5 2 0 3 3 
2 2 1 4 4 
5 8 0 4 2 
3 6 1 3 0 
6 4 0 3 0 
5 4 1 3 0 
1 0 0 2 2 
1 7 1 2 2 
7 6 1 2 1 
3 5 0 5 5 
2 7 0 3 3 
2 2 0 5 5 
3 4 1 5 5 
1 3 0 2 2 
5 1 1 4 4 
4 1 1 3 3 
2 2 1 2 2 
1 5 0 5 5 
6 7 0 3 3 
